963
563
70
630
602
710
656
550
750
710
789
592
612
789
710
612
612
382
205
228
381
381
600
332
400
188
300
149
201
284
310
400
1160
1000
715
600
503
542
580
580
540
836
819
759
640
640
740
641
610
700
640
740
640
641
769
610
759
671
640
769
610
759
641
640
769
591
624
624
563
563
591
624
624
563
563
591
624
624
563
496
603
382
603
429
362
362
429
362
416
402
255
255
402
382
255
429
255
751
630
627
493
503
444
523
503
523
523
563
563
563
563
623
563
563
623
563
563
563
563
623
563
563
610
591
563
591
563
335
349
349
349
306
335
248
335
335
248
248
248
402
402
248
369
255
382
255
503
248
523
136
261
302
116
190
109
150
178
224
95
102
224
136
116
136
136
178
109
116
163
136
150
178
95
136
247
247
295
187
187
187
240
187
315
261
187
240
187
187
187
192
227
261
187
187
240
187
190
285
180
301
139
121
203
295
270
159
381
301
151
245
219
240
282
344
106
144
218
236
168
140
119
158
87
99
147
155
140
150
83
83
103
220
300
305
437
169
152
224
296
204
184
134
114
71
204
136
406
134
241
268
253
225
281
147
147
320
187
291
191
120
121
200
275
161
139
291
278
278
160
160
110 
150 
150 
150 
80 
150 
201 
82
231 
125 
105 
163 
115 
150 
102 
261
95 
150 
204
204
245
315
190 
204
115
95 
174 
204
462
150 
75 
130 
147 
280
184 
190 
299
204
130 
102 
60 
190
240 
105 
110
85 
34 
55 
105 
136
100 
235 
158
82 
115 
200 
102 
204 
170
75 
204
421
150
150 
201
105 
98
228
150 
115 
240
120 
137
75 
184
272
204
170
150 
68
150 
150 
300
170
299
190 
130
220
122 
61
95
215
290
190 
150 
204
280
228
174
150 
150 
147 
207
231 
245
83
310 
265
190
204
122 
100 
400 
156 
260 
300 
400 
122 
201 
400 
100 
137 
109 
118 
122 
117 
110 
100 
261 
400 
600 
332 
389 
400 
400 
126 
115 
102 
133 
79 
141 
179 
284 
400 
104 
720 
350 
389 
428 
300 
140 
400 
150 
210 
120 
280 
250 
190 
201 
158 
600 
420 
389 
428 
390 
140 
125 
115 
210 
190 
150 
158 
428 
400 
201 
600 
400 
276 
389 
268 
129 
190 
400 
85 
130 
67 
94 
247 
140 
105 
280 
284 
125 
260 
204 
500 
400 
328 
400 
389 
96 
200 
300 
550 
76 
134 
130 
48 
131 
85 
140 
138 
205 
110 
428 
400 
141 
204 
187 
565 
325 
400 
389 
428 
151 
110 
250 
300 
250 
135 
400 
127 
134 
280 
96 
120 
230 
114 
115 
105 
125 
155 
280 
170 
280 
270 
255 
255 
340 
151 
145 
175 
200 
140 
261 
375 
150 
330 
330 
440 
620 
473 
330 
455 
455 
690 
330 
335 
335 
434 
541 
453 
670 
261 
375 
434 
261 
379 
443
379
443
379
572
640
502
518
473
402
522
670
750
590
469
509
300
350
414
493
300
300
394
414
325
462
325
690
560
325
473
550
570
443
265
265
375
434
603
335
455
434
631
335
670
453
262
380
728
321
237
325
237
360
375
590
375
590
750
379
443
379
473
473
572
640
502
525
473
473
379
607
700
510
500
515
379
572
473
86
74
86 
86
110
86
86
37
70
65
86
74
75 
70
420
70 
75 
70
85
420
118 
143
168
168
86
154
138
85
118
129
74
670
1020
283
450
670
1020
346
384
800
1288
285
270
293
293
180
200
177
285
392
471
375
375
240
240
108
600
285
357
271
470
235
310
310
340
682
420
668
472
235
310
310
340
500
237
98
138
160
275
495
310
170
308
355
355
310
355
401
445
200
200
155
250
650
495
355
355
355
181
310
170
308
200
455
460
310
308
160
98
137
170
445
310
420
285
98
310
193
250
170
285
445
355
355
200
355
355
355
355
420
420
355
420
175
228
355
420
310
355
401
445
625
625
420
420
175
310
355
401
310
310
310
420
175
310
355
355
310
355
401
401
200
308
420
420
170
310
830
1000
420
420
401
308
355
285
401
401
170
310
200
355
420
830
754
1000
308
420
401
310
170
355
830
120
120
175
360
277
291
147
180
139
225
201
175
300
227
290
291
225
320
139
201
146
225
191
291
147
147
180
290
225
139
365
227
291
300
577
139
290
175
147
147
120
120
147
146
300
227
291
290
320
201
147
175
136
291
300
290
139
320
227
147
1500
1500
1600
1500
1500
1500
1600
1500
1850
1600
540
750
460
500
500
400
500
280
180
335
250
250
300
200
400
250
160
340
340
575
400
550
340
340
300
550
200
400
550
300
300
250
400
247
246
300
550
340
250
380
300
340
550
400
340
510
450
398
300
600
290
290
272
201
290
272
290
272
290
206
321
247
201
500
272
290
201
290
537
290
290
537
272
201
355
321
82
100
115
130
180
165
180
75
120
140
136
136
208
270
360
130
130
180
180
180
200
225
300
300
130
100
120
130
136
136
225
360
360
300
100
130
130
130
130
180
180
130
180
180
180
130
82
100
160 
200 
85 
120 
70 
123 
181 
250 
300 
375 
275 
181 
290 
385 
450 
191 
270 
290
452
200
318
450
660
280
200
400
392
450
123
140
210
287
170
162
475
475
760
526
400
450
400
440
130
350
170
266
457
191
450
210
221
310
400
78
78
181
248
152
148
189
181
181
291
66
105
145
75 
165
181
181
181
152
148
181
189
181
78
117 
181
78
148
145
150
115
189
105
188
181
181
181
148
78
181
240
150
140
52
140
148
189
145
64
135
160
52
64
147
154
225
138
210
48
64
155
186
250
146
186
187
256
187
250
340
181
181
143
158
244
200
143
200
276
110
105
100
138
108
210
280
192
130
140
205
135
110
63
63
54
113
164
200
120
200
160
63
115
130
187
250
75
100
115
75
125
170
200
70
60
85
130
135
280
110
135
116
135
165
115
100
160
150
200
26
110
85
64
92
140
105
95
130
143
200
120
130
135
200
700
240
326
169
140
219