1100000
460000
12000
161000
253290
499000
193440
311000
4500000
280000
350000
210000
230000
1700000
280000
220000
240000
53900
27000
30000
85000
50000
113000
30000
40000
25000
35000
20000
28000
35000
30000
40000
3200000
1100000
316000
208000
142000
189000
240000
294000
1100000
1300000
2800000
518000
274000
261000
493000
211000
287000
445000
308000
421000
287000
242000
545000
258000
573000
263000
327000
545000
273000
603000
253000
342000
573000
332000
330000
360000
325000
500000
370000
360000
390000
350000
450000
340000
330000
380000
320000
116000
104000
53000
113000
109000
62000
70000
99000
63000
53000
52000
49000
53000
54000
48000
46000
71000
90000
102000
200000
142000
133000
76000
83000
114000
69000
146000
108000
398000
381000
475000
335000
349000
495000
355000
369000
418000
401000
515000
375000
389000
439000
421000
194000
114000
101000
109000
96000
86000
64000
62000
59000
52000
60000
43000
68000
58000
45000
39000
35000
75000
78000
49000
165000
45000
57000
48000
81000
57000
78000
32000
42000
30000
30000
38000
28000
34000
37000
42000
27000
26000
44000
34000
30000
35000
37000
39000
29000
31000
39000
36000
36000
40000
28000
35000
60000
55000
60000
27000
30000
32000
36000
33000
44000
41000
26000
38000
29000
32500
28000
29400
37000
42000
36000
38000
40000
26500
30000
40000
26350
27000
22500
26700
27100
38400
37400
26400
39900
41400
52400
44150
33400
40400
49400
43400
18400
24400
43400
38400
29000
25000
15400
20400
12400
15400
18400
18400
16400
20400
10400
11400
14400
31100
36995
58500
56000
25390
49500
50000
60000
55000
40000
70000
25000
18000
50000
55000
170000
24000
35000
45000
50000
41000
40799
20500
19950
41450
30500
52000
25000
15000
18000
40000
25000
38000
18000
52000
55000
55000
19000
22000
23000
25000
28505
21995
18000
46000
39735
15000
55000
35000
20000
40000
30000
33000
28000
33000
24000
70000
35000
59995
31965
44640
36000
28000
20000
25000
45000
55000
70000
50000
22000
30000
35000
40000
35000
48000
50000
35000
32000
40000
15000
25000
85000
30000
15000
14000
25000
12000
18000
33000
20000
32000
24000
18000
35000
40000
35000
45000
25000
20000
40000
70000
30000
28000
45000
30000
25000
31000
50000
27000
40000
26000
35000
20000
38000
45000
60000
28000
35000
150000
28000
30000
30000
28000
45000
50000
30000
35000
25000
20000
22000
32000
40000
45000
35000
55000
50000
31000
25000
30000
40000
27000
30000
60000
42000
23000
70000
45000
40000
55000
16700
15500
77000
26000
39000
45000
51000
20000
29000
40000
14500
18000
16000
15000
14500
25000
15500
12000
35000
77000
220000
41820
58950
85000
70600
14500
19000
13000
18500
12000
24960
28500
42820
65300
14000
1100000
45790
60000
105000
41750
20000
50000
22000
30000
18500
55000
42500
40000
38000
36000
175000
55000
63000
98000
61750
20000
18000
17500
32000
24000
20000
18500
95000
60000
39000
185000
48000
70000
67000
50000
28000
32000
55000
25000
27000
14000
22000
45000
22000
16000
58000
44000
28000
47000
43000
600000
70000
42000
85000
68000
25000
30000
50000
1000000
20000
25000
35000
10000
28000
18000
23000
22000
35000
18000
95000
70000
32000
46000
40000
220000
50000
75000
70000
95000
45000
18000
60000
55000
35000
40000
55000
30000
35000
50000
25000
18000
30000
15000
12000
10000
25000
45000
38000
28000
70000
60000
45000
50000
50000
45000
35000
20000
25000
18000
36000
42000
35000
88000
92000
105000
180000
130000
102000
115000
120000
190000
95000
80000
85000
95000
130000
110000
170000
60000
75000
85000
65000
110000
131300
106500
113300
121300
197200
230400
161100
241300
222000
86700
103800
150900
185000
132750
97700
104000
63400
75400
100200
141700
65500
69600
90300
98300
92300
113300
101400
200200
128900
98300
136900
175200
290000
105000
58000
63000
70400
82900
85000
72200
91000
94300
182150
79000
167800
111200
69000
85500
182900
86700
34395
46595
38195
50995
94800
139400
90500
136700
190000
106100
129900
113300
137000
157300
184100
207000
170000
223800
222000
145300
135500
258000
293200
245000
222000
750000
116000
191300
233000
8200
11000
10400
11300
12000
11800
9200
4000
6200
5000
9400
14500
8700
6500
79295
8300
9000
7000
7200
82295
14000
25000
23000
25500
10500
20000
19000
15000
16500
22000
11000
88490
108490
40240
53240
98490
113490
47490
50490
69900
200000
35195
42100
41530
43530
37695
31590
28345
38775
63595
91495
59865
50695
46500
44500
17000
80000
51570
66575
41295
82495
37490
44195
48595
58590
149990
104595
92000
60495
41390
51095
57095
59990
64990
41290
14595
16720
25000
26400
65895
35915
26600
44000
56995
59900
30695
42795
41500
45500
27495
28795
23100
33500
67300
65895
61595
55895
50895
48295
46600
33400
48900
28795
43500
65900
43700
45000
25800
17595
24100
28400
75700
29200
82400
33900
14395
37200
36100
34500
31900
34900
56400
64100
64400
31700
56995
62495
64100
66700
71600
76700
65500
70000
29900
36800
57400
61100
36900
37100
43900
49000
108700
105600
72800
66800
36500
41400
53800
72200
45000
43900
48000
93800
38600
54300
71505
73305
52000
56000
70000
72000
36300
44000
80000
82000
28700
45000
96550
96550
65000
76805
75000
50000
65000
37700
60000
62000
31000
40000
38000
75000
82000
110000
108700
112700
55000
90000
85000
60000
35000
78000
105000
17000
18000
28000
55000
42000
50000
19000
28500
33000
50000
28000
28500
55000
47000
42500
51000
44000
58000
33000
25000
23500
42000
35500
44000
22000
18500
29000
39500
46000
30000
51500
48000
52000
47000
65000
34500
47000
32000
22500
23500
17500
18000
20500
23000
45000
47000
41500
43500
60000
25500
23000
30000
40000
53000
50000
45500
36000
62000
49000
22500
3000000
3300000
3500000
3300000
3300000
5800000
9000000
18000000
4500000
5000000
120000
160000
100000
110000
125000
95000
120000
85000
75000
70000
45000
50000
85000
50000
70000
55000
40000
65000
60000
120000
85000
85000
55000
65000
90000
110000
50000
90000
100000
70000
55000
60000
85000
60000
55000
80000
100000
65000
50000
80000
55000
60000
100000
85000
65000
90000
90000
75000
60000
157000
62000
60000
45000
30000
50000
50000
55000
55000
50000
35000
55000
50000
30000
150000
45000
50000
30000
55000
157000
58000
46000
157000
42000
28000
54000
52000
22000
25000
23500
28000
32000
35000
35500
22500
30000
32000
35000
38000
28000
35000
55000
25000
27000
30000
33000
35000
35000
40000
45000
48000
28000
25000
30000
35000
40000
45000
45000
55000
60000
50000
22000
30000
33000
32000
35000
35000
38000
25000
40000
35000
37000
28000
20000
22000
25000
30000
15000
20000
12000
20000
25000
35000
35000
50000
30000
26000
35000
40000
45000
22000
25000
43000
40000
28000
50000
55000
500000
30000
23000
70000
45000
70000
28000
32000
52000
31000
43455
29365
61625
64540
79420
59140
64695
84910
56505
79560
35000
36000
37000
52000
53000
25000
60000
40000
38000
45000
55000
16000 
17000 
28000 
39000 
25000 
23000 
40000 
35000 
25000 
40000 
23000 
20000 
35000 
15000 
25000 
32000 
31000 
29000 
28000 
26000 
27000 
45000 
30000 
15000 
20000 
35000 
15000 
23000 
30000 
35000 
17000 
45000 
20000 
35000 
28000 
35000 
27000 
25000 
15000 
30000 
70000 
50000 
20000 
10000 
20000 
20000 
45000 
30000 
12000 
15000 
20000 
10000 
12000 
25000 
18000 
28000 
20000 
35000 
10000 
18000 
22000 
24000 
27000 
21000 
23000 
26000 
29000 
36000 
38000 
50000 
27000 
33000 
33000 
22000 
28000 
24000 
20000 
27000 
30000 
15000 
14000 
12000 
18000 
13000 
25000 
40000 
22000 
20000 
18000 
25000 
15000 
14000 
9000 
12000 
8000 
14000 
18000 
25000 
20000 
22000 
18000 
9000 
20000 
25000 
40000 
45000 
15000 
18000 
20000 
10000 
15000 
25000 
30000 
12000 
10000 
12000 
20000 
25000 
35000 
30000 
25000 
15000 
20000 
28000 
18000 
14000 
30000 
22000 
40000 
8000 
18000 
15000 
10000 
13000 
20000 
14000 
12000 
18000 
30000 
40000 
15000 
18000 
25000 
30000 
5000000 
43590
50000
25210
33000
29000