211
155
103
155
199
212
195
198
221
211
211
199
199
211
211
199
199
155
140
140
137
124
196
155
180
140
149
124
124
140
112
124
250
225
211
200
194
181
204
201
195
199
217
217
202
202
217
190
202
217
202
217
202
190
221
202
217
190
202
221
202
217
190
202
221
155
155
155
155
155
155
155
155
155
155
155
155
155
155
155
155
155
155
155
155
155
155
155
155
155
155
155
155
155
155
155
155
155
155
190
190
177
174
177
177
190
177
155
155
155
155
155
155
155
155
155
155
155
155
155
155
155
205
190
190
190
190
155
155
155
155
155
155
149
155
155
149
149
143
124
124
155
155
155
155
155
180
155
155
132
155
155
124
143
124
134
143
149
115
121
149
131
124
132
132
143
121
124
140
132
134
143
115
132
124
137
155
124
124
124
130
124
169
112
124
130
124
124
124
125
112
112
124
124
130
124
116
130
137
137
112
112
124
137
124
112
137
137
112
118
124
137
124
137
112
124
124
124
124
124
112
124
99
112
124
112
99
112
99
99
112
112
143
130
112
118
112
106
112
109
103
75
106
99
109
81
124
112
99
143
112
115
134
115
130
115
112
149
149
112
112
124
137
112
99
149
149
149
124
124
130
130
130
130
118
155
99
99
146
145
127
112
127
124
115
99
114
112
99
90
155
155
137
148
122
124
112
90
155
118
118
130
130
155
134
155
112
99
137
99
106
146
155
135
118
106
86
92
116
87
124
118
120
99
127
149
112
119
99
118
138
155
124
130
112
135
103
155
155
124
155
137
137
118
143
124
90
130
137
99
137
137
149
130
112
155
137
153
112
103
116
130
155
155
124
90
155
155
127
137
155
124
147
146
124
81
130
155
137
90
112
109
130
121
130
137
130
112
124
155
115
118
106
112
109
112
104
99
124
130
205
155
124
130
130
118
118
109
115
106
118
112
118
130
103
196
155
124
130
155
124
155
118
130
109
118
118
109
112
118
205
168
124
130
155
112
109
106
124
124
112
109
130
124
112
205
155
155
124
143
96
112
121
87
90
90
99
146
124
103
118
121
99
121
118
199
155
155
124
124
109
149
155
220
106
99
81
68
87
96
118
99
149
106
127
118
118
118
124
196
155
155
124
127
130
115
140
155
149
93
112
87
99
124
109
109
140
112
115
103
99
99
134
109
130
130
134
137
149
130
127
134
140
124
99
106
87
168
168
180
196
186
168
174
174
196
168
152
152
165
178
168
183
144
161
169
144
182
191
182
190
180
199
205
198
184
149
143
155
162
162
155
137
149
171
177
188
196
171
171
182
187
165
174
165
196
183
165
186
190
193
180
144
145
161
169
149
152
157
163
186
152
183
168
137
150
183
143
155
162
149
155
149
155
143
155
162
182
189
182
193
191
199
205
198
184
149
193
180
205
211
180
196
184
182
198
149
106
75
106
106
112
103
106
65
96
87
106
75
103
96
130
93
99
93
99
127
112
87
112
112
99
112
101
78
87
75
75
155
200
140
162
155
163
135
135
130
250
112
112
130
130
121
124
124
110
118
118
130
112
124
124
112
110
110
118
121
99
137
130
130
118
124
130
199
180
137
130
130
118
130
149
112
118
130
149
194
130
124
137
124
118
118
112
106
99
93
93
124
149
198
194
112
112
112
99
130
124
137
93
180
180
130
137
130
112
124
124
99
118
124
112
112
130
124
149
124
112
99
112
112
93
112
112
112
112
124
124
112
124
118
124
112
124
118
112
109
109
106
106
124
118
118
130
112
109
118
118
118
124
118
130
130
130
112
112
106
106
109
112
124
130
124
130
106
106
124
130
106
112
130
112
106
106
124
130
109
130
124
106
106
106
112
130
106
130
124
130
106
112
112
130
155
137
149
118
137
112
118
124
130
168
124
137
149
130
143
112
124
118
130
130
149
118
118
137
137
118
112
168
124
149
146
162
112
137
130
118
118
112
112
118
118
146
124
149
137
143
124
118
130
124
149
168
137
112
143
124
118
261
217
304
261
261
236
236
261
311
261
75
75
68
68
75
68
62
56
50
162
155
155
155
143
124
143
134
155
155
199
124
176
155
155
155
186
143
124
186
155
155
155
124
140
143
155
186
155
149
174
155
155
186
124
155
174
180
137
155
191
155
118
130
124
155
130
118
130
155
130
118
130
124
186
130
155
124
118
191
118
155
191
130
124
155
118
112
118
115
124
130
124
146
99
112
99
93
93
143
155
155
127
124
130
124
140
137
146
146
130
124
106
99
87
81
81
155
155
155
146
118
124
118
124
118
130
124
124
130
137
130
124
112
118
137
137
124
137
103
112
118
124
124
112
124
115
124
112
112
112
112
112
112
112
112
155
216
155
143
137
124
124
119
112
118
124
99
109
103
103
180
174
112
118
143
130
99
87
99
87
140
112
155
112
118
124
143
106
106
118
106
112
118
112
112
110
149
81
106
109
112
118
118
118
118
112
118
110
112
110
106
124
112
106
118
109
75
118
112
106
112
118
112
110
118
106
118
75
75
115
81
115
124
112
106
81
112
118
81
87
124
124
118
118
137
75
62
124
130
149
112
127
124
137
124
130
149
140
140
87
118
130
118
106
112
155
112
112
109
118
112
134
149
130
106
118
137
112
109
87
87
81
106
130
115
99
124
118
81
99
75
124
130
75
99
99
81
115
134
137
96
81
90
115
118
155
106
124
112
124
143
112
106
130
115
112
53
106
90
75
99
118
106
81
118
124
112
81
93
109
137
199
112
112
118
112
124